13	0
15	1
17	2
19	3
21	4
23	5
25	6
27	7
29	8
31	9
1103	10
1104	11
1105	12
1106	13
1107	14
1108	15
1109	16
1110	17
1111	18
1112	19
1133	20
1134	21
1135	22
1136	23
1137	24
1138	25
1139	26
1140	27
1141	28
1142	29
1163	30
1164	31
1165	32
1166	33
1167	34
1168	35
1169	36
1170	37
1171	38
1172	39
1193	40
1194	41
1195	42
1196	43
1197	44
1198	45
1199	46
1200	47
1201	48
1202	49
1223	50
1224	51
1225	52
1226	53
1227	54
1228	55
1229	56
1230	57
1231	58
1232	59
1243	60
1244	61
1245	62
1246	63
1247	64
1248	65
1249	66
1250	67
1251	68
1252	69
1263	70
1264	71
1265	72
1266	73
1267	74
1268	75
1269	76
1270	77
1271	78
1272	79
1283	80
1284	81
1285	82
1286	83
1287	84
1288	85
1289	86
1290	87
1291	88
1292	89
1303	90
1304	91
1305	92
1306	93
1307	94
1308	95
1309	96
1310	97
1311	98
1312	99
1049	100
1052	101
1055	102
1058	103
1061	104
1064	105
1067	106
1069	107
1071	108
1072	109
1079	110
1082	111
1085	112
1088	113
1091	114
1094	115
1097	116
1099	117
1101	118
1102	119
1115	120
1117	121
1119	122
1121	123
1123	124
1125	125
1127	126
1129	127
1131	128
1132	129
1145	130
1147	131
1149	132
1151	133
1153	134
1155	135
1157	136
1159	137
1161	138
1162	139
1175	140
1177	141
1179	142
1181	143
1183	144
1185	145
1187	146
1189	147
1191	148
1192	149
1205	150
1207	151
1209	152
1211	153
1213	154
1215	155
1217	156
1219	157
1221	158
1222	159
1233	160
1234	161
1235	162
1236	163
1237	164
1238	165
1239	166
1240	167
1241	168
1242	169
1253	170
1254	171
1255	172
1256	173
1257	174
1258	175
1259	176
1260	177
1261	178
1262	179
1273	180
1274	181
1275	182
1276	183
1277	184
1278	185
1279	186
1280	187
1281	188
1282	189
1293	190
1294	191
1295	192
1296	193
1297	194
1298	195
1299	196
1300	197
1301	198
1302	199
426	200
429	201
432	202
435	203
438	204
441	205
444	206
446	207
448	208
449	209
456	210
459	211
462	212
465	213
468	214
471	215
474	216
476	217
478	218
479	219
482	220
484	221
486	222
488	223
490	224
492	225
494	226
496	227
498	228
499	229
502	230
504	231
506	232
508	233
510	234
512	235
514	236
516	237
518	238
519	239
522	240
524	241
526	242
528	243
530	244
532	245
534	246
536	247
538	248
539	249
542	250
544	251
546	252
548	253
550	254
552	255
554	256
556	257
558	258
559	259
560	260
561	261
562	262
563	263
564	264
565	265
566	266
567	267
568	268
569	269
570	270
571	271
572	272
573	273
574	274
575	275
576	276
577	277
578	278
579	279
580	280
581	281
582	282
583	283
584	284
585	285
586	286
587	287
588	288
589	289
590	290
591	291
592	292
593	293
594	294
595	295
596	296
597	297
598	298
599	299
949	300
952	301
955	302
958	303
961	304
964	305
967	306
969	307
971	308
972	309
979	310
982	311
985	312
988	313
991	314
994	315
997	316
999	317
1001	318
1002	319
1005	320
1007	321
1009	322
1011	323
1013	324
1015	325
1017	326
1019	327
1021	328
1022	329
1025	330
1027	331
1029	332
1031	333
1033	334
1035	335
1037	336
1039	337
1041	338
1042	339
1045	340
1047	341
1050	342
1053	343
1056	344
1059	345
1062	346
1065	347
1068	348
1070	349
1075	350
1077	351
1080	352
1083	353
1086	354
1089	355
1092	356
1095	357
1098	358
1100	359
1113	360
1114	361
1116	362
1118	363
1120	364
1122	365
1124	366
1126	367
1128	368
1130	369
1143	370
1144	371
1146	372
1148	373
1150	374
1152	375
1154	376
1156	377
1158	378
1160	379
1173	380
1174	381
1176	382
1178	383
1180	384
1182	385
1184	386
1186	387
1188	388
1190	389
1203	390
1204	391
1206	392
1208	393
1210	394
1212	395
1214	396
1216	397
1218	398
1220	399
301	400
304	401
308	402
312	403
316	404
319	405
322	406
324	407
326	408
327	409
343	410
346	411
349	412
352	413
356	414
360	415
363	416
365	417
367	418
368	419
381	420
383	421
385	422
387	423
389	424
391	425
394	426
396	427
398	428
399	429
402	430
404	431
406	432
408	433
410	434
412	435
414	436
416	437
418	438
419	439
422	440
424	441
427	442
430	443
433	444
436	445
439	446
442	447
445	448
447	449
452	450
454	451
457	452
460	453
463	454
466	455
469	456
472	457
475	458
477	459
480	460
481	461
483	462
485	463
487	464
489	465
491	466
493	467
495	468
497	469
500	470
501	471
503	472
505	473
507	474
509	475
511	476
513	477
515	478
517	479
520	480
521	481
523	482
525	483
527	484
529	485
531	486
533	487
535	488
537	489
540	490
541	491
543	492
545	493
547	494
549	495
551	496
553	497
555	498
557	499
823	500
827	501
831	502
835	503
838	504
841	505
844	506
846	507
848	508
849	509
864	510
867	511
871	512
875	513
879	514
882	515
885	516
887	517
889	518
890	519
902	520
904	521
906	522
908	523
911	524
914	525
916	526
918	527
920	528
921	529
924	530
926	531
928	532
930	533
932	534
934	535
937	536
939	537
941	538
942	539
945	540
947	541
950	542
953	543
956	544
959	545
962	546
965	547
968	548
970	549
975	550
977	551
980	552
983	553
986	554
989	555
992	556
995	557
998	558
1000	559
1003	560
1004	561
1006	562
1008	563
1010	564
1012	565
1014	566
1016	567
1018	568
1020	569
1023	570
1024	571
1026	572
1028	573
1030	574
1032	575
1034	576
1036	577
1038	578
1040	579
1043	580
1044	581
1046	582
1048	583
1051	584
1054	585
1057	586
1060	587
1063	588
1066	589
1073	590
1074	591
1076	592
1078	593
1081	594
1084	595
1087	596
1090	597
1093	598
1096	599
148	600
152	601
156	602
158	603
160	604
162	605
164	606
166	607
168	608
169	609
188	610
192	611
196	612
200	613
202	614
204	615
206	616
208	617
210	618
211	619
229	620
232	621
236	622
240	623
244	624
246	625
248	626
250	627
252	628
253	629
263	630
265	631
268	632
271	633
275	634
279	635
281	636
283	637
285	638
286	639
297	640
299	641
302	642
305	643
309	644
313	645
317	646
320	647
323	648
325	649
339	650
341	651
344	652
347	653
350	654
353	655
357	656
361	657
364	658
366	659
379	660
380	661
382	662
384	663
386	664
388	665
390	666
392	667
395	668
397	669
400	670
401	671
403	672
405	673
407	674
409	675
411	676
413	677
415	678
417	679
420	680
421	681
423	682
425	683
428	684
431	685
434	686
437	687
440	688
443	689
450	690
451	691
453	692
455	693
458	694
461	695
464	696
467	697
470	698
473	699
697	700
700	701
702	702
704	703
706	704
708	705
710	706
712	707
714	708
715	709
727	710
730	711
733	712
735	713
737	714
739	715
741	716
743	717
745	718
746	719
757	720
760	721
763	722
766	723
768	724
770	725
772	726
774	727
776	728
777	729
787	730
790	731
793	732
796	733
799	734
801	735
803	736
805	737
807	738
808	739
818	740
820	741
824	742
828	743
832	744
836	745
839	746
842	747
845	748
847	749
860	750
862	751
865	752
868	753
872	754
876	755
880	756
883	757
886	758
888	759
900	760
901	761
903	762
905	763
907	764
909	765
912	766
915	767
917	768
919	769
922	770
923	771
925	772
927	773
929	774
931	775
933	776
935	777
938	778
940	779
943	780
944	781
946	782
948	783
951	784
954	785
957	786
960	787
963	788
966	789
973	790
974	791
976	792
978	793
981	794
984	795
987	796
990	797
993	798
996	799
30	800
32	801
33	802
34	803
35	804
36	805
37	806
38	807
40	808
41	809
53	810
55	811
56	812
57	813
58	814
59	815
60	816
61	817
62	818
63	819
81	820
84	821
87	822
88	823
89	824
90	825
91	826
92	827
93	828
94	829
112	830
115	831
118	832
121	833
122	834
123	835
124	836
125	837
126	838
127	839
142	840
145	841
149	842
153	843
157	844
159	845
161	846
163	847
165	848
167	849
183	850
185	851
189	852
193	853
197	854
201	855
203	856
205	857
207	858
209	859
226	860
227	861
230	862
233	863
237	864
241	865
245	866
247	867
249	868
251	869
261	870
262	871
264	872
266	873
269	874
272	875
276	876
280	877
282	878
284	879
295	880
296	881
298	882
300	883
303	884
306	885
310	886
314	887
318	888
321	889
336	890
338	891
340	892
342	893
345	894
348	895
351	896
354	897
358	898
362	899
623	900
624	901
625	902
626	903
627	904
628	905
629	906
630	907
631	908
632	909
633	910
634	911
635	912
636	913
637	914
638	915
639	916
640	917
641	918
642	919
651	920
653	921
654	922
655	923
656	924
657	925
658	926
659	927
661	928
663	929
672	930
674	931
676	932
677	933
678	934
679	935
680	936
681	937
682	938
683	939
693	940
695	941
698	942
701	943
703	944
705	945
707	946
709	947
711	948
713	949
723	950
725	951
728	952
731	953
734	954
736	955
738	956
740	957
742	958
744	959
753	960
755	961
758	962
761	963
764	964
767	965
769	966
771	967
773	968
775	969
784	970
785	971
788	972
791	973
794	974
797	975
800	976
802	977
804	978
806	979
816	980
817	981
819	982
821	983
825	984
829	985
833	986
837	987
840	988
843	989
858	990
859	991
861	992
863	993
866	994
869	995
873	996
877	997
881	998
884	999
42	1000
85	1001
82	1002
79	1003
77	1004
75	1005
73	1006
71	1007
70	1008
95	1009
66	1010
64	1011
119	1012
116	1013
113	1014
110	1015
108	1016
106	1017
105	1018
104	1019
100	1020
98	1021
96	1022
154	1023
150	1024
146	1025
143	1026
140	1027
139	1028
138	1029
134	1030
132	1031
130	1032
128	1033
198	1034
194	1035
190	1036
186	1037
184	1038
182	1039
178	1040
176	1041
174	1042
172	1043
170	1044
242	1045
238	1046
234	1047
231	1048
228	1049
222	1050
220	1051
218	1052
216	1053
214	1054
212	1055
277	1056
273	1057
270	1058
267	1059
260	1060
259	1061
258	1062
257	1063
256	1064
255	1065
254	1066
315	1067
311	1068
307	1069
294	1070
293	1071
292	1072
291	1073
290	1074
289	1075
288	1076
287	1077
359	1078
355	1079
328	1080
337	1081
335	1082
334	1083
333	1084
332	1085
331	1086
330	1087
329	1088
393	1089
370	1090
369	1091
378	1092
377	1093
376	1094
375	1095
374	1096
373	1097
372	1098
371	1099
652	1100
650	1101
649	1102
648	1103
647	1104
646	1105
645	1106
644	1107
662	1108
660	1109
643	1110
675	1111
673	1112
671	1113
670	1114
669	1115
668	1116
667	1117
666	1118
684	1119
665	1120
664	1121
699	1122
696	1123
694	1124
692	1125
691	1126
690	1127
689	1128
688	1129
687	1130
686	1131
685	1132
732	1133
729	1134
726	1135
724	1136
722	1137
721	1138
720	1139
719	1140
718	1141
717	1142
716	1143
765	1144
762	1145
759	1146
756	1147
754	1148
752	1149
751	1150
750	1151
749	1152
748	1153
747	1154
798	1155
795	1156
792	1157
789	1158
786	1159
783	1160
782	1161
781	1162
780	1163
779	1164
778	1165
834	1166
830	1167
826	1168
822	1169
815	1170
814	1171
813	1172
812	1173
811	1174
810	1175
809	1176
878	1177
874	1178
870	1179
857	1180
856	1181
855	1182
854	1183
853	1184
852	1185
851	1186
850	1187
913	1188
910	1189
891	1190
899	1191
898	1192
897	1193
896	1194
895	1195
894	1196
893	1197
892	1198
936	1199
1319	1200
1318	1201
1317	1202
1316	1203
1315	1204
1314	1205
1313	1206
1322	1207
1321	1208
1320	1209
8	1210
7	1211
6	1212
5	1213
4	1214
3	1215
2	1216
1	1217
10	1218
9	1219
0	1220
28	1221
26	1222
24	1223
22	1224
20	1225
18	1226
16	1227
14	1228
39	1229
12	1230
11	1231
54	1232
52	1233
51	1234
50	1235
49	1236
48	1237
47	1238
46	1239
45	1240
44	1241
43	1242
86	1243
83	1244
80	1245
78	1246
76	1247
74	1248
72	1249
69	1250
68	1251
67	1252
65	1253
120	1254
117	1255
114	1256
111	1257
109	1258
107	1259
103	1260
102	1261
101	1262
99	1263
97	1264
155	1265
151	1266
147	1267
144	1268
141	1269
137	1270
136	1271
135	1272
133	1273
131	1274
129	1275
199	1276
195	1277
191	1278
187	1279
181	1280
180	1281
179	1282
177	1283
175	1284
173	1285
171	1286
243	1287
239	1288
235	1289
225	1290
224	1291
223	1292
221	1293
219	1294
217	1295
215	1296
213	1297
278	1298
274	1299
605	1300
604	1301
603	1302
602	1303
601	1304
600	1305
609	1306
608	1307
607	1308
606	1309
616	1310
615	1311
614	1312
613	1313
612	1314
611	1315
610	1316
619	1317
618	1318
617	1319
622	1320
621	1321
620	1322
