13	0
15	1
17	2
19	3
21	4
23	5
25	6
27	7
29	8
31	9
1120	10
1121	11
1122	12
1123	13
1124	14
1125	15
1126	16
1127	17
1128	18
1129	19
1150	20
1151	21
1152	22
1153	23
1154	24
1155	25
1156	26
1157	27
1158	28
1159	29
1180	30
1181	31
1182	32
1183	33
1184	34
1185	35
1186	36
1187	37
1188	38
1189	39
1210	40
1211	41
1212	42
1213	43
1214	44
1215	45
1216	46
1217	47
1218	48
1219	49
1240	50
1241	51
1242	52
1243	53
1244	54
1245	55
1246	56
1247	57
1248	58
1249	59
1260	60
1261	61
1262	62
1263	63
1264	64
1265	65
1266	66
1267	67
1268	68
1269	69
1280	70
1281	71
1282	72
1283	73
1284	74
1285	75
1286	76
1287	77
1288	78
1289	79
1300	80
1301	81
1302	82
1303	83
1304	84
1305	85
1306	86
1307	87
1308	88
1309	89
1320	90
1321	91
1322	92
1323	93
1324	94
1325	95
1326	96
1327	97
1328	98
1329	99
1066	100
1069	101
1072	102
1075	103
1078	104
1081	105
1084	106
1086	107
1088	108
1089	109
1096	110
1099	111
1102	112
1105	113
1108	114
1111	115
1114	116
1116	117
1118	118
1119	119
1132	120
1134	121
1136	122
1138	123
1140	124
1142	125
1144	126
1146	127
1148	128
1149	129
1162	130
1164	131
1166	132
1168	133
1170	134
1172	135
1174	136
1176	137
1178	138
1179	139
1192	140
1194	141
1196	142
1198	143
1200	144
1202	145
1204	146
1206	147
1208	148
1209	149
1222	150
1224	151
1226	152
1228	153
1230	154
1232	155
1234	156
1236	157
1238	158
1239	159
1250	160
1251	161
1252	162
1253	163
1254	164
1255	165
1256	166
1257	167
1258	168
1259	169
1270	170
1271	171
1272	172
1273	173
1274	174
1275	175
1276	176
1277	177
1278	178
1279	179
1290	180
1291	181
1292	182
1293	183
1294	184
1295	185
1296	186
1297	187
1298	188
1299	189
1310	190
1311	191
1312	192
1313	193
1314	194
1315	195
1316	196
1317	197
1318	198
1319	199
426	200
429	201
432	202
435	203
438	204
441	205
444	206
446	207
448	208
449	209
456	210
459	211
462	212
465	213
468	214
471	215
474	216
476	217
478	218
479	219
482	220
484	221
486	222
488	223
490	224
492	225
494	226
496	227
498	228
499	229
502	230
504	231
506	232
508	233
510	234
512	235
514	236
516	237
518	238
519	239
522	240
524	241
526	242
528	243
530	244
532	245
534	246
536	247
538	248
539	249
542	250
544	251
546	252
548	253
550	254
552	255
554	256
556	257
558	258
559	259
560	260
561	261
562	262
563	263
564	264
565	265
566	266
567	267
568	268
569	269
570	270
571	271
572	272
573	273
574	274
575	275
576	276
577	277
578	278
579	279
580	280
581	281
582	282
583	283
584	284
585	285
586	286
587	287
588	288
589	289
590	290
591	291
592	292
593	293
594	294
595	295
596	296
597	297
598	298
599	299
966	300
969	301
972	302
975	303
978	304
981	305
984	306
986	307
988	308
989	309
996	310
999	311
1002	312
1005	313
1008	314
1011	315
1014	316
1016	317
1018	318
1019	319
1022	320
1024	321
1026	322
1028	323
1030	324
1032	325
1034	326
1036	327
1038	328
1039	329
1042	330
1044	331
1046	332
1048	333
1050	334
1052	335
1054	336
1056	337
1058	338
1059	339
1062	340
1064	341
1067	342
1070	343
1073	344
1076	345
1079	346
1082	347
1085	348
1087	349
1092	350
1094	351
1097	352
1100	353
1103	354
1106	355
1109	356
1112	357
1115	358
1117	359
1130	360
1131	361
1133	362
1135	363
1137	364
1139	365
1141	366
1143	367
1145	368
1147	369
1160	370
1161	371
1163	372
1165	373
1167	374
1169	375
1171	376
1173	377
1175	378
1177	379
1190	380
1191	381
1193	382
1195	383
1197	384
1199	385
1201	386
1203	387
1205	388
1207	389
1220	390
1221	391
1223	392
1225	393
1227	394
1229	395
1231	396
1233	397
1235	398
1237	399
301	400
304	401
308	402
312	403
316	404
319	405
322	406
324	407
326	408
327	409
343	410
346	411
349	412
352	413
356	414
360	415
363	416
365	417
367	418
368	419
381	420
383	421
385	422
387	423
389	424
391	425
394	426
396	427
398	428
399	429
402	430
404	431
406	432
408	433
410	434
412	435
414	436
416	437
418	438
419	439
422	440
424	441
427	442
430	443
433	444
436	445
439	446
442	447
445	448
447	449
452	450
454	451
457	452
460	453
463	454
466	455
469	456
472	457
475	458
477	459
480	460
481	461
483	462
485	463
487	464
489	465
491	466
493	467
495	468
497	469
500	470
501	471
503	472
505	473
507	474
509	475
511	476
513	477
515	478
517	479
520	480
521	481
523	482
525	483
527	484
529	485
531	486
533	487
535	488
537	489
540	490
541	491
543	492
545	493
547	494
549	495
551	496
553	497
555	498
557	499
840	500
844	501
848	502
852	503
855	504
858	505
861	506
863	507
865	508
866	509
881	510
884	511
888	512
892	513
896	514
899	515
902	516
904	517
906	518
907	519
919	520
921	521
923	522
925	523
928	524
931	525
933	526
935	527
937	528
938	529
941	530
943	531
945	532
947	533
949	534
951	535
954	536
956	537
958	538
959	539
962	540
964	541
967	542
970	543
973	544
976	545
979	546
982	547
985	548
987	549
992	550
994	551
997	552
1000	553
1003	554
1006	555
1009	556
1012	557
1015	558
1017	559
1020	560
1021	561
1023	562
1025	563
1027	564
1029	565
1031	566
1033	567
1035	568
1037	569
1040	570
1041	571
1043	572
1045	573
1047	574
1049	575
1051	576
1053	577
1055	578
1057	579
1060	580
1061	581
1063	582
1065	583
1068	584
1071	585
1074	586
1077	587
1080	588
1083	589
1090	590
1091	591
1093	592
1095	593
1098	594
1101	595
1104	596
1107	597
1110	598
1113	599
148	600
152	601
156	602
158	603
160	604
162	605
164	606
166	607
168	608
169	609
188	610
192	611
196	612
200	613
202	614
204	615
206	616
208	617
210	618
211	619
229	620
232	621
236	622
240	623
244	624
246	625
248	626
250	627
252	628
253	629
263	630
265	631
268	632
271	633
275	634
279	635
281	636
283	637
285	638
286	639
297	640
299	641
302	642
305	643
309	644
313	645
317	646
320	647
323	648
325	649
339	650
341	651
344	652
347	653
350	654
353	655
357	656
361	657
364	658
366	659
379	660
380	661
382	662
384	663
386	664
388	665
390	666
392	667
395	668
397	669
400	670
401	671
403	672
405	673
407	674
409	675
411	676
413	677
415	678
417	679
420	680
421	681
423	682
425	683
428	684
431	685
434	686
437	687
440	688
443	689
450	690
451	691
453	692
455	693
458	694
461	695
464	696
467	697
470	698
473	699
714	700
717	701
719	702
721	703
723	704
725	705
727	706
729	707
731	708
732	709
744	710
747	711
750	712
752	713
754	714
756	715
758	716
760	717
762	718
763	719
774	720
777	721
780	722
783	723
785	724
787	725
789	726
791	727
793	728
794	729
804	730
807	731
810	732
813	733
816	734
818	735
820	736
822	737
824	738
825	739
835	740
837	741
841	742
845	743
849	744
853	745
856	746
859	747
862	748
864	749
877	750
879	751
882	752
885	753
889	754
893	755
897	756
900	757
903	758
905	759
917	760
918	761
920	762
922	763
924	764
926	765
929	766
932	767
934	768
936	769
939	770
940	771
942	772
944	773
946	774
948	775
950	776
952	777
955	778
957	779
960	780
961	781
963	782
965	783
968	784
971	785
974	786
977	787
980	788
983	789
990	790
991	791
993	792
995	793
998	794
1001	795
1004	796
1007	797
1010	798
1013	799
30	800
32	801
33	802
34	803
35	804
36	805
37	806
38	807
40	808
41	809
53	810
55	811
56	812
57	813
58	814
59	815
60	816
61	817
62	818
63	819
81	820
84	821
87	822
88	823
89	824
90	825
91	826
92	827
93	828
94	829
112	830
115	831
118	832
121	833
122	834
123	835
124	836
125	837
126	838
127	839
142	840
145	841
149	842
153	843
157	844
159	845
161	846
163	847
165	848
167	849
183	850
185	851
189	852
193	853
197	854
201	855
203	856
205	857
207	858
209	859
226	860
227	861
230	862
233	863
237	864
241	865
245	866
247	867
249	868
251	869
261	870
262	871
264	872
266	873
269	874
272	875
276	876
280	877
282	878
284	879
295	880
296	881
298	882
300	883
303	884
306	885
310	886
314	887
318	888
321	889
336	890
338	891
340	892
342	893
345	894
348	895
351	896
354	897
358	898
362	899
629	900
630	901
631	902
632	903
633	904
634	905
636	906
638	907
639	908
640	909
649	910
650	911
651	912
652	913
653	914
654	915
655	916
656	917
658	918
659	919
668	920
670	921
671	922
672	923
673	924
674	925
675	926
676	927
678	928
680	929
689	930
691	931
693	932
694	933
695	934
696	935
697	936
698	937
699	938
700	939
710	940
712	941
715	942
718	943
720	944
722	945
724	946
726	947
728	948
730	949
740	950
742	951
745	952
748	953
751	954
753	955
755	956
757	957
759	958
761	959
770	960
772	961
775	962
778	963
781	964
784	965
786	966
788	967
790	968
792	969
801	970
802	971
805	972
808	973
811	974
814	975
817	976
819	977
821	978
823	979
833	980
834	981
836	982
838	983
842	984
846	985
850	986
854	987
857	988
860	989
875	990
876	991
878	992
880	993
883	994
886	995
890	996
894	997
898	998
901	999
42	1000
85	1001
82	1002
79	1003
77	1004
75	1005
73	1006
71	1007
70	1008
95	1009
66	1010
64	1011
119	1012
116	1013
113	1014
110	1015
108	1016
106	1017
105	1018
104	1019
100	1020
98	1021
96	1022
154	1023
150	1024
146	1025
143	1026
140	1027
139	1028
138	1029
134	1030
132	1031
130	1032
128	1033
198	1034
194	1035
190	1036
186	1037
184	1038
182	1039
178	1040
176	1041
174	1042
172	1043
170	1044
242	1045
238	1046
234	1047
231	1048
228	1049
222	1050
220	1051
218	1052
216	1053
214	1054
212	1055
277	1056
273	1057
270	1058
267	1059
260	1060
259	1061
258	1062
257	1063
256	1064
255	1065
254	1066
315	1067
311	1068
307	1069
294	1070
293	1071
292	1072
291	1073
290	1074
289	1075
288	1076
287	1077
359	1078
355	1079
328	1080
337	1081
335	1082
334	1083
333	1084
332	1085
331	1086
330	1087
329	1088
393	1089
370	1090
369	1091
378	1092
377	1093
376	1094
375	1095
374	1096
373	1097
372	1098
371	1099
669	1100
667	1101
666	1102
665	1103
664	1104
663	1105
662	1106
661	1107
679	1108
677	1109
660	1110
692	1111
690	1112
688	1113
687	1114
686	1115
685	1116
684	1117
683	1118
701	1119
682	1120
681	1121
716	1122
713	1123
711	1124
709	1125
708	1126
707	1127
706	1128
705	1129
704	1130
703	1131
702	1132
749	1133
746	1134
743	1135
741	1136
739	1137
738	1138
737	1139
736	1140
735	1141
734	1142
733	1143
782	1144
779	1145
776	1146
773	1147
771	1148
769	1149
768	1150
767	1151
766	1152
765	1153
764	1154
815	1155
812	1156
809	1157
806	1158
803	1159
800	1160
799	1161
798	1162
797	1163
796	1164
795	1165
851	1166
847	1167
843	1168
839	1169
832	1170
831	1171
830	1172
829	1173
828	1174
827	1175
826	1176
895	1177
891	1178
887	1179
874	1180
873	1181
872	1182
871	1183
870	1184
869	1185
868	1186
867	1187
930	1188
927	1189
908	1190
916	1191
915	1192
914	1193
913	1194
912	1195
911	1196
910	1197
909	1198
953	1199
1336	1200
1335	1201
1334	1202
1333	1203
1332	1204
1331	1205
1330	1206
1339	1207
1338	1208
1337	1209
8	1210
7	1211
6	1212
5	1213
4	1214
3	1215
2	1216
1	1217
10	1218
9	1219
0	1220
28	1221
26	1222
24	1223
22	1224
20	1225
18	1226
16	1227
14	1228
39	1229
12	1230
11	1231
54	1232
52	1233
51	1234
50	1235
49	1236
48	1237
47	1238
46	1239
45	1240
44	1241
43	1242
86	1243
83	1244
80	1245
78	1246
76	1247
74	1248
72	1249
69	1250
68	1251
67	1252
65	1253
120	1254
117	1255
114	1256
111	1257
109	1258
107	1259
103	1260
102	1261
101	1262
99	1263
97	1264
155	1265
151	1266
147	1267
144	1268
141	1269
137	1270
136	1271
135	1272
133	1273
131	1274
129	1275
199	1276
195	1277
191	1278
187	1279
181	1280
180	1281
179	1282
177	1283
175	1284
173	1285
171	1286
243	1287
239	1288
235	1289
225	1290
224	1291
223	1292
221	1293
219	1294
217	1295
215	1296
213	1297
278	1298
274	1299
605	1300
604	1301
603	1302
602	1303
601	1304
600	1305
609	1306
608	1307
607	1308
606	1309
616	1310
615	1311
614	1312
613	1313
612	1314
611	1315
610	1316
619	1317
618	1318
617	1319
628	1320
627	1321
626	1322
625	1323
624	1324
623	1325
622	1326
621	1327
637	1328
635	1329
620	1330
648	1331
647	1332
646	1333
645	1334
644	1335
643	1336
642	1337
641	1338
657	1339
